4037 0.004550721329
2625 0.003838895787
6634 0.003793950524
  15 0.003150047683
2398 0.002670001353
2328 0.002612516732
5412 0.002380151036
2470 0.00237847265
7632 0.002280095617
3089 0.002257379116
3352 0.002227904094
 737 0.002181135759
4191 0.00214805973
3456 0.002139477817
2237 0.002138234649
5254 0.002117760083
6832 0.002082823284
7553 0.00207630818
2066 0.002018862091
1297 0.001975515512
7092 0.001897691915
4310 0.00187456438
4712 0.001821311123
6946 0.001786863434
6774 0.001784267397
 762 0.001770609479
1186 0.001750290386
 993 0.001698821611
2958 0.001694177577
6006 0.001653635539
2657 0.001638825236
4335 0.001637876975
4828 0.001633926032
 665 0.001630763795
4735 0.001629321046
8042 0.001617639665
4875 0.001611446438
4256 0.001555841145
3537 0.001553581375
7620 0.001542997623
3238 0.001524164046
4261 0.001484679569
 271 0.001474784274
5123 0.001462679067
3568 0.00146028317
5484 0.001454841236
1549 0.001445220791
3498 0.001443897531
 825 0.001442289346
3084 0.001441676811
2485 0.00142968371
5079 0.001415331379
6784 0.001410851935
2871 0.00139781244
2535 0.001386437928
2654 0.001385833193
5404 0.001378284424
6334 0.001370006637
8163 0.001368607199
5459 0.001368436498
2565 0.001323964414
4400 0.001313240579
5543 0.001309918504
3562 0.001306718283
4600 0.001304740401
2859 0.001295127601
6059 0.001287810529
3334 0.00128582557
2746 0.001271040569
2651 0.00126421421
7809 0.001258560007
5022 0.001252469358
3897 0.001241961841
5226 0.001223241069
3321 0.001221326555
3034 0.001200328632
2576 0.001184812602
1633 0.001176587726
1211 0.001167483238
4040 0.001164779188
1726 0.001164090702
4531 0.001163813894
7961 0.001157211196
5563 0.001149579734
4981 0.001146037469
6330 0.001138877713
1842 0.001138627562
3005 0.001133778563
  86 0.001131641989
1754 0.001130929881
5605 0.001126799398
3962 0.001119150553
2594 0.001117332427
7890 0.001117121822
3443 0.001113883392
4666 0.001110015888
7214 0.001106295695
3260 0.001104792382
  28 0.001104331607
6124 0.001087686473
